
테임즈	NC	142	595	472	180	86	42	5	47	130	140	103	11	13	91	7	7	7	40	8	0.381
박병호	넥센	140	622	528	181	92	35	1	53	129	146	78	6	12	161	4	4	10	10	3	0.343
박석민	삼성	135	559	448	144	93	25	0	26	90	116	83	0	19	97	8	9	12	3	1	0.321
강민호	롯데	123	456	380	118	64	18	1	35	63	86	60	2	14	112	2	2	14	0	0	0.311
나바로	삼성	140	643	534	153	85	19	1	48	126	137	93	8	6	72	9	10	11	22	6	0.287
유한준	넥센	139	598	520	188	122	42	1	23	103	116	67	2	2	71	8	9	13	3	3	0.362
김현수	두산	141	630	512	167	113	26	0	28	103	121	101	12	8	63	9	9	13	11	5	0.326
양의지	두산	132	513	442	144	97	27	0	20	70	93	39	3	24	64	6	8	8	5	4	0.326
김태균	한화	133	524	408	129	80	28	0	21	61	104	98	12	12	80	5	5	18	3	1	0.316
최형우	삼성	144	637	547	174	107	33	1	33	94	123	73	7	9	101	8	8	13	2	5	0.318
마르테	kt	115	487	425	148	95	32	1	20	85	89	51	7	2	60	8	8	19	0	0	0.348
최준석	롯데	144	618	507	155	105	18	1	31	78	109	108	4	1	134	1	2	17	0	0	0.306
아두치	롯데	132	594	526	165	98	34	5	28	105	106	55	8	8	118	4	5	9	24	10	0.314
박경수	kt	137	537	440	125	72	30	1	22	75	73	74	1	13	115	4	10	8	6	4	0.284
나성범	NC	144	622	564	184	117	34	5	28	112	135	33	1	14	127	8	10	9	23	4	0.326
이용규	한화	124	585	493	168	142	15	7	4	94	42	68	5	9	45	3	14	4	28	10	0.341
정근우	한화	126	552	468	148	104	30	2	12	99	66	61	1	8	66	2	15	14	21	6	0.316
김하성	넥센	140	582	511	148	89	35	5	19	89	73	56	2	5	114	6	9	10	22	4	0.29
구자욱	삼성	116	465	410	143	94	33	5	11	97	57	45	0	6	79	4	4	3	17	7	0.349
이범호	KIA	138	514	437	118	65	25	0	28	60	79	57	1	16	91	4	4	16	3	4	0.27
박민우	NC	141	617	520	158	118	31	6	3	111	47	73	0	14	108	7	10	4	46	16	0.304
황재균	롯데	144	596	534	155	86	41	2	26	95	97	48	1	4	122	6	10	14	11	10	0.29
김경언	한화	107	437	377	127	89	21	1	16	58	78	50	3	2	89	3	8	9	1	4	0.337
손아섭	롯데	116	517	445	141	99	28	1	13	86	54	68	3	1	96	3	3	6	11	6	0.317
이승엽	삼성	122	522	470	156	101	28	1	26	87	90	40	2	6	71	6	6	10	2	1	0.332
최정	SK	81	330	275	81	47	17	0	17	43	58	46	2	5	78	3	4	6	5	2	0.295
김재호	두산	133	488	410	126	96	24	3	3	63	50	54	0	3	42	7	21	18	7	2	0.307
박용택	LG	128	533	487	159	111	28	2	18	66	83	34	1	4	73	7	8	12	11	4	0.326
정훈	롯데	135	562	486	146	108	27	2	9	85	62	52	2	14	102	3	10	14	16	6	0.3
오지환	LG	138	566	497	138	82	41	4	11	76	56	59	1	4	121	3	6	2	25	10	0.278
최진행*	한화	109	410	333	97	62	17	0	18	55	64	65	6	4	101	3	8	9	0	3	0.291
이택근	넥센	105	401	347	113	86	16	1	10	61	44	44	4	3	53	4	7	8	11	6	0.326
김주찬	KIA	98	377	333	109	66	23	2	18	66	62	23	3	12	58	8	9	10	8	2	0.327
필	KIA	143	591	536	174	116	35	1	22	81	101	43	6	3	74	8	8	12	14	10	0.325
스나이더	넥센	113	487	431	121	68	26	1	26	88	71	37	0	11	135	4	7	2	4	2	0.281
정의윤	SK	59	222	193	66	41	11	0	14	35	44	20	0	7	27	2	2	3	3	0	0.342
브라운	SK	138	539	464	121	70	21	2	28	82	76	66	4	7	127	2	2	12	5	2	0.261
김민성	넥센	118	489	445	135	95	24	0	16	60	71	31	1	8	62	3	5	16	1	1	0.303
이호준	NC	131	518	449	132	83	25	0	24	48	110	61	7	3	102	2	5	16	0	2	0.294
박한이	삼성	94	429	367	110	78	17	4	11	62	52	53	0	1	63	1	8	10	6	6	0.3
채태인	삼성	104	373	333	116	89	19	0	8	35	49	33	3	3	92	4	4	10	0	2	0.348
김상수	삼성	132	518	449	125	83	30	4	8	67	63	43	0	6	56	7	20	9	26	5	0.278
댄블랙	kt	54	225	198	66	43	10	1	12	25	32	25	2	2	52	0	0	4	0	0	0.333
박동원	넥센	127	443	379	101	74	12	1	14	47	61	37	0	9	93	7	16	4	0	0	0.266
윤석민	넥센	108	418	361	106	67	24	1	14	54	71	37	1	8	62	7	12	16	3	2	0.294
민병헌	두산	129	561	491	149	115	20	2	12	80	75	50	0	8	74	6	12	15	7	3	0.303
서건창	넥센	85	368	312	93	62	24	4	3	52	37	42	0	1	24	2	13	7	9	2	0.298
박해민	삼성	144	608	525	154	125	22	7	0	96	47	56	1	2	126	2	24	8	60	8	0.293
오재원	두산	120	474	411	115	82	20	2	11	60	59	47	1	4	94	4	11	9	31	8	0.28
김성현	SK	129	449	397	118	90	20	0	8	49	48	31	0	7	42	2	14	13	1	4	0.297
이재원	SK	140	559	489	138	102	18	1	17	58	100	54	5	11	85	5	5	22	1	3	0.282
장성우	kt	111	435	384	111	83	18	0	10	51	65	41	1	0	73	8	10	9	1	2	0.289
오재일	두산	66	213	180	52	26	11	1	14	33	36	28	2	2	49	2	3	5	0	0	0.289
허경민	두산	117	453	404	128	105	20	2	1	64	41	31	0	7	42	3	10	10	8	3	0.317
김상현	kt	134	539	475	133	86	20	0	27	71	88	50	4	8	115	6	6	21	4	5	0.28
히메네스(타)	LG	70	299	279	87	57	17	2	11	37	46	12	1	4	48	4	4	4	8	2	0.312
이대형	kt	140	616	546	165	139	23	3	0	86	37	53	0	6	92	1	10	5	44	14	0.302
정상호	SK	113	324	279	71	47	11	1	12	34	49	22	0	15	80	0	8	2	1	2	0.254
정수빈	두산	128	570	491	145	109	27	7	2	79	59	43	1	11	70	6	25	9	15	10	0.295
정성훈	LG	117	440	363	103	77	16	1	9	47	45	54	4	13	65	4	10	9	9	4	0.284
박건우	두산	70	175	158	54	37	12	0	5	31	26	12	0	3	29	0	2	2	2	1	0.342
박정권	SK	124	494	438	123	79	23	0	21	66	70	46	1	4	119	2	6	9	3	3	0.281
김원섭	KIA	110	341	277	74	53	13	3	5	45	33	53	0	3	46	2	8	5	8	5	0.267
유강남	LG	126	313	279	76	56	11	1	8	26	37	19	0	7	55	1	8	10	2	1	0.272
이병규(7)	LG	70	277	230	56	34	9	1	12	42	35	43	2	3	83	0	1	4	2	1	0.243
김종호	NC	133	486	424	125	98	16	7	4	90	36	44	0	4	65	3	13	10	41	10	0.295
조영훈	NC	103	146	124	35	19	8	0	8	20	35	19	0	0	36	2	3	2	3	0	0.282
이명기	SK	137	582	521	164	129	30	2	3	88	35	35	0	11	86	3	13	7	22	10	0.315
서상우	LG	58	171	159	54	40	8	0	6	29	22	9	0	3	31	0	0	2	5	1	0.34
고종욱	넥센	119	443	407	126	87	25	4	10	81	51	25	1	6	81	1	5	10	22	14	0.31
손시헌	NC	140	508	440	108	69	24	2	13	56	58	36	0	14	66	5	18	15	3	2	0.245
이종욱	NC	125	504	440	118	86	25	2	5	63	52	54	6	3	78	2	6	5	17	4	0.268
백용환	KIA	65	177	154	36	20	6	0	10	22	30	19	0	1	47	3	3	5	3	1	0.234
박헌도	넥센	108	267	218	54	33	13	0	8	31	42	37	0	7	53	2	5	6	0	2	0.248
최주환	두산	100	270	238	67	44	16	2	5	34	32	25	2	3	34	1	4	6	0	3	0.282
한나한	LG	32	126	107	35	22	9	0	4	17	22	13	0	2	31	3	4	4	0	0	0.327
박기혁	kt	126	350	300	84	69	13	1	1	27	30	30	0	3	84	1	17	10	3	0	0.28
임훈	LG	55	215	183	55	42	11	1	1	34	15	19	0	7	31	1	6	2	2	2	0.301
모창민	NC	103	239	214	62	42	14	0	6	23	35	18	0	0	52	3	7	5	5	0	0.29
장성우	롯데	22	56	49	12	6	2	1	3	4	12	5	0	0	12	1	2	3	0	0	0.245
김회성	한화	83	268	225	47	19	10	2	16	36	35	28	0	10	58	2	4	4	2	3	0.209
나지완	KIA	116	368	304	77	54	16	0	7	34	31	46	3	16	79	2	2	10	3	1	0.253
김문호	롯데	93	325	288	88	71	13	0	4	35	31	25	0	4	45	1	7	11	8	5	0.306
이지영	삼성	124	400	361	110	98	10	1	1	36	55	14	0	4	32	5	21	10	1	2	0.305
진갑용*	삼성	39	73	68	22	17	2	0	3	8	10	4	0	0	9	1	1	3	0	0	0.324
장성호	kt	49	114	94	29	24	4	0	1	11	16	17	0	2	15	1	1	3	1	0	0.309
안익훈	LG	50	74	62	21	18	2	1	0	9	3	9	0	0	10	0	3	1	1	1	0.339
지석훈	NC	137	466	415	111	85	15	0	11	53	46	23	0	16	85	3	11	9	4	1	0.267
고영민	두산	41	77	67	22	18	1	0	3	13	11	6	0	3	22	1	1	4	4	2	0.328
김선민	kt	23	38	35	15	13	2	0	0	2	3	2	0	0	6	1	1	0	1	0	0.429
용덕한	NC	50	49	42	12	11	1	0	0	4	5	5	0	1	8	0	1	2	2	1	0.286
정현석	한화	43	133	116	36	29	6	0	1	20	12	13	1	2	24	0	2	3	0	0	0.31
오승택	롯데	122	353	327	90	63	18	1	8	57	43	17	0	4	100	1	5	8	15	4	0.275
폭스	한화	38	121	108	30	19	4	0	7	16	25	8	1	3	27	2	2	9	0	0	0.278
강경학	한화	120	376	311	80	67	7	4	2	50	27	40	1	5	58	3	19	3	4	3	0.257
박진만	SK	78	162	133	33	26	5	0	2	12	14	23	1	4	21	0	2	3	0	2	0.248
최희섭	KIA	42	149	125	32	23	3	0	6	18	20	22	0	1	34	1	1	2	0	0	0.256
최재원	NC	114	102	85	21	11	8	0	2	31	13	10	0	6	29	0	1	1	14	5	0.247
로메로	두산	76	305	265	67	39	16	0	12	30	50	29	1	4	48	7	7	8	2	0	0.253
안중열	롯데	60	109	98	26	16	9	0	1	15	13	6	0	0	26	1	5	3	1	0	0.265
박정준	NC	19	24	21	8	6	2	0	0	2	2	0	0	3	5	0	0	0	0	0	0.381
김태군	NC	144	474	421	107	77	24	0	6	45	52	25	0	10	77	7	18	11	1	1	0.254
조인성	한화	106	310	276	64	42	11	0	11	33	44	16	0	6	89	1	9	5	0	0	0.232
백창수	LG	25	36	31	10	6	4	0	0	4	0	3	0	0	3	0	2	0	0	0	0.323
하준호	kt	68	249	218	59	45	9	0	5	30	25	21	1	7	59	1	3	2	10	3	0.271
오정복	kt	66	278	239	62	45	11	1	5	34	29	33	0	3	26	1	2	3	3	3	0.259
김민하	롯데	54	141	116	28	21	6	0	1	18	8	18	0	4	40	0	3	4	4	2	0.241
이홍구	KIA	112	246	222	48	25	10	1	12	25	39	12	1	7	64	0	4	3	1	0	0.216
조평호	NC	22	22	22	8	5	2	0	1	4	3	0	0	0	6	0	0	1	0	0	0.364
이성열	한화	97	254	219	55	34	10	2	9	34	35	19	1	9	83	2	7	5	1	1	0.251
조동화	SK	119	304	245	64	55	6	1	2	38	15	30	0	5	50	2	24	2	18	3	0.261
박기남	KIA	51	93	69	14	11	3	0	0	8	3	21	0	0	19	0	3	3	1	1	0.203
모건	한화	10	42	33	9	7	2	0	0	2	5	4	0	4	8	1	1	1	1	1	0.273
김기현	SK	9	9	7	3	3	0	0	0	0	0	2	0	0	3	0	0	0	0	0	0.429
배영섭	삼성	4	18	16	6	6	0	0	0	2	2	2	0	0	4	0	0	2	1	0	0.375
박재상	SK	108	292	250	62	41	12	2	7	34	37	33	0	2	53	1	7	4	4	5	0.248
백상원	삼성	51	94	77	19	14	5	0	0	10	7	13	0	1	22	1	3	2	0	0	0.247
김응민	두산	4	3	3	1	0	0	0	1	1	2	0	0	0	0	0	0	1	0	0	0.333
이현석	SK	3	3	3	1	0	0	0	1	1	2	0	0	0	1	0	0	0	0	0	0.333
김민우	KIA	90	315	269	70	47	16	1	6	28	34	21	0	1	75	3	23	3	8	3	0.26
허웅	SK	18	19	17	5	4	1	0	0	2	3	2	0	0	3	0	0	0	0	0	0.294
유재신	넥센	62	32	27	7	5	2	0	0	21	3	3	0	0	10	0	2	2	10	1	0.259
이창열	한화	5	2	2	1	0	1	0	0	0	1	0	0	0	0	0	0	0	0	0	0.5
박노민	한화	23	26	24	8	8	0	0	0	1	4	2	0	0	11	0	0	0	0	0	0.333
이정식	삼성	5	5	5	2	2	0	0	0	0	0	0	0	0	1	0	0	0	0	0	0.4
양원혁	LG	3	2	2	1	1	0	0	0	2	1	0	0	0	0	0	0	0	0	0	0.5
홍성갑	넥센	7	10	9	3	3	0	0	0	0	2	1	0	0	4	0	0	0	0	0	0.333
김민준	넥센	2	2	1	0	0	0	0	0	1	0	1	0	0	0	0	0	0	0	0	0
최정민	SK	8	15	13	4	4	0	0	0	1	2	1	0	0	3	0	1	0	0	0	0.308
하주석	한화	4	11	10	3	3	0	0	0	3	1	1	0	0	4	0	0	0	0	0	0.3
강지광	넥센	13	21	18	5	5	0	0	0	3	2	2	0	1	9	0	0	0	0	0	0.278
홍성흔	두산	93	352	301	79	60	12	0	7	39	46	42	1	5	59	0	3	13	8	1	0.262
홍명찬	SK	5	3	3	1	1	0	0	0	0	0	0	0	0	2	0	0	0	0	0	0.333
이대수	SK	36	86	72	19	14	3	0	2	9	12	6	0	1	23	1	7	6	0	1	0.264
김재환*	두산	48	180	153	36	21	8	0	7	24	22	22	1	2	39	2	3	6	4	1	0.235
김진형	두산	14	21	18	3	0	2	0	1	3	2	3	0	0	7	0	0	1	0	0	0.167
허정협	넥센	4	6	6	2	2	0	0	0	1	0	0	0	0	3	0	0	0	0	0	0.333
나성용	LG	40	79	73	20	15	2	0	3	7	9	4	0	2	29	0	0	2	0	0	0.274
김연훈	SK	49	73	60	16	14	1	0	1	4	3	6	0	1	18	1	6	0	0	1	0.267
김재현	넥센	59	71	65	17	13	3	0	1	7	6	2	0	1	15	1	3	1	0	0	0.262
장운호	한화	42	141	114	29	23	4	0	2	17	8	10	0	6	27	0	11	4	5	2	0.254
이창섭	NC	15	8	5	0	0	0	0	0	0	0	3	0	0	3	0	0	0	0	0	0
이진석	SK	6	2	2	1	1	0	0	0	1	0	0	0	0	1	0	0	0	0	1	0.5
유민상	두산	15	45	38	10	8	1	0	1	5	6	5	0	1	9	1	1	1	1	0	0.263
오윤석	롯데	29	36	33	9	7	1	0	1	7	3	2	0	0	8	0	1	2	0	0	0.273
황대인	KIA	22	44	44	12	8	2	0	2	3	7	0	0	0	18	0	0	3	0	0	0.273
윤도경	kt	4	4	4	1	1	0	0	0	0	1	0	0	0	1	0	0	0	0	0	0.25
박성준	LG	11	12	10	2	2	0	0	0	3	0	2	0	0	1	0	0	0	0	0	0.2
조홍석	롯데	3	1	1	0	0	0	0	0	0	0	0	0	0	0	0	0	0	0	0	0
조정원	한화	2	1	1	0	0	0	0	0	0	0	0	0	0	0	0	0	0	0	0	0
최영진	두산	1	1	1	0	0	0	0	0	0	0	0	0	0	0	0	0	0	0	0	0
박정진(타자)	한화	1	1	1	0	0	0	0	0	0	0	0	0	0	0	0	0	0	0	0	0
권혁(타자)	한화	1	1	1	0	0	0	0	0	0	0	0	0	0	1	0	0	0	0	0	0
스틴슨(타자)	KIA	1	1	1	0	0	0	0	0	0	0	0	0	0	1	0	0	0	0	0	0
최민구	삼성	6	1	0	0	0	0	0	0	1	1	0	0	0	0	1	1	0	0	0	-
홍성무(타자)	kt	1	1	0	0	0	0	0	0	0	1	0	0	0	0	1	1	0	0	0	-
박용근	kt	27	86	76	20	14	6	0	0	7	4	7	0	0	15	0	2	4	5	2	0.263
서동욱	넥센	55	118	103	24	16	5	0	3	14	15	11	0	3	45	0	1	1	0	0	0.233
김준완	NC	30	54	44	10	10	0	0	0	12	2	10	0	0	10	0	0	1	2	1	0.227
강구성	NC	4	5	5	1	0	1	0	0	0	0	0	0	0	0	0	0	0	0	0	0.2
지성준	한화	9	12	12	3	2	1	0	0	1	0	0	0	0	5	0	0	0	0	0	0.25
최병연	KIA	19	7	6	1	1	0	0	0	2	0	0	0	1	2	0	0	0	0	0	0.167
안중열	kt	20	28	27	4	3	1	0	0	1	1	1	0	0	5	0	0	1	1	0	0.148
이해창	kt	5	4	3	0	0	0	0	0	0	0	0	0	1	2	0	0	0	0	0	0
박철우	SK	19	2	2	0	0	0	0	0	1	0	0	0	0	0	0	0	0	0	0	0
윤영수	삼성	4	2	2	0	0	0	0	0	0	0	0	0	0	2	0	0	0	0	0	0
전현태	KIA	2	2	2	0	0	0	0	0	0	0	0	0	0	1	0	0	0	0	0	0
황진수	롯데	2	2	2	0	0	0	0	0	0	0	0	0	0	0	0	0	0	0	0	0
윤여운	kt	2	2	2	0	0	0	0	0	0	0	0	0	0	1	0	0	0	0	0	0
강민국	NC	1	2	2	0	0	0	0	0	0	0	0	0	0	1	0	0	0	0	0	0
김주현	롯데	47	79	73	19	13	4	0	2	7	12	5	0	0	19	0	1	2	1	0	0.26
모상기	kt	8	15	13	3	3	0	0	0	2	0	2	0	0	5	0	0	0	0	0	0.231
오현근	롯데	20	36	28	6	4	2	0	0	3	3	6	0	0	6	0	2	0	1	1	0.214
류지혁	두산	14	5	5	1	1	0	0	0	3	0	0	0	0	3	0	0	0	0	0	0.2
채기영	한화	3	2	2	0	0	0	0	0	0	0	0	0	0	1	0	0	0	0	0	0
황수현	KIA	2	2	2	0	0	0	0	0	0	0	0	0	0	1	0	0	0	0	0	0
황동채	롯데	2	2	2	0	0	0	0	0	1	0	0	0	0	1	0	0	0	0	0	0
윤규진(타자)	한화	2	2	2	0	0	0	0	0	0	0	0	0	0	2	0	0	0	0	0	0
유선정	넥센	17	27	25	6	6	0	0	0	1	2	2	0	0	5	0	0	1	0	0	0.24
윤중환	SK	15	28	25	6	5	0	0	1	1	4	3	0	0	6	0	0	0	0	1	0.24
강병의	LG	8	3	3	1	1	0	0	0	0	0	0	0	0	1	0	0	0	1	2	0.333
이영욱	삼성	38	26	22	5	3	2	0	0	8	2	3	0	1	10	0	0	0	0	1	0.227
신성현	한화	64	117	102	23	16	3	0	4	17	17	13	0	0	44	0	2	0	0	0	0.225
김태진	NC	1	3	3	0	0	0	0	0	0	0	0	0	0	0	0	0	0	0	0	0
송성문	넥센	7	12	12	3	3	0	0	0	0	1	0	0	0	3	0	0	0	0	0	0.25
국해성	두산	11	26	20	4	2	1	0	1	6	5	2	0	1	5	2	3	2	0	0	0.2
임익준	한화	4	3	2	0	0	0	0	0	1	1	0	0	0	0	1	1	0	0	0	0
김재율	LG	1	3	3	0	0	0	0	0	0	0	0	0	0	0	0	0	0	0	0	0
황윤호	NC	10	6	5	0	0	0	0	0	2	0	1	0	0	1	0	0	0	0	0	0
이여상	롯데	6	6	5	0	0	0	0	0	1	0	1	0	0	3	0	0	0	0	0	0
김태완	삼성	4	6	5	0	0	0	0	0	0	0	1	0	0	2	0	0	0	0	0	0
오준혁	한화	1	1	1	0	0	0	0	0	0	0	0	0	0	1	0	0	0	0	0	0
박광열	NC	33	22	21	6	5	1	0	0	2	3	0	0	0	6	1	1	1	0	1	0.286
윤요섭	kt	74	159	148	39	26	4	0	9	17	28	6	0	1	39	2	4	5	0	1	0.264
강봉규	삼성	5	8	6	0	0	0	0	0	0	0	1	0	1	3	0	0	0	0	0	0
김재성	LG	9	7	6	0	0	0	0	0	0	0	1	0	0	2	0	0	0	0	0	0
김재유	롯데	18	10	9	1	1	0	0	0	3	1	0	0	1	3	0	0	0	1	0	0.111
백민기	롯데	8	9	7	0	0	0	0	0	1	0	1	0	1	1	0	0	0	0	0	0
장영석	넥센	6	8	8	1	1	0	0	0	0	0	0	0	0	2	0	0	1	0	0	0.125
박준서	롯데	3	5	5	0	0	0	0	0	0	0	0	0	0	3	0	0	0	0	0	0
송광민	한화	12	41	37	9	7	2	0	0	2	1	2	0	1	11	0	1	1	0	0	0.243
박준태	KIA	51	88	66	11	8	2	1	0	15	4	13	0	6	20	0	3	0	2	1	0.167
강동수	롯데	22	8	8	1	1	0	0	0	2	0	0	0	0	6	0	0	0	0	0	0.125
노수광	KIA	10	14	12	1	0	1	0	0	2	1	2	0	0	7	0	0	0	0	0	0.083
이민재	LG	28	34	30	8	7	1	0	0	6	4	1	0	1	8	1	2	0	0	1	0.267
양종민	두산	32	18	16	2	1	0	0	1	6	2	2	0	0	5	0	0	0	0	1	0.125
이진영	LG	103	350	301	77	62	5	1	9	32	39	42	4	3	55	2	4	10	2	4	0.256
김준태	롯데	27	31	26	4	4	0	0	0	0	0	4	0	0	12	0	1	1	0	0	0.154
윤병호	NC	9	9	9	1	1	0	0	0	0	0	0	0	0	4	0	0	0	0	0	0.111
이지찬	kt	34	42	39	9	7	2	0	0	4	4	2	0	0	6	0	1	2	2	0	0.231
용덕한	kt	41	108	98	22	16	5	0	1	8	8	3	0	3	18	0	4	0	0	0	0.224
김동명	kt	21	66	51	10	7	3	0	0	8	3	13	1	1	16	0	1	1	1	1	0.196
차일목	KIA	11	25	23	4	4	0	0	0	0	2	2	0	0	4	0	0	1	0	0	0.174
이종환	한화	31	88	84	26	23	3	0	0	13	12	4	0	0	15	0	0	0	0	0	0.31
이시찬	한화	34	72	64	18	17	1	0	0	7	6	4	0	1	12	2	3	3	1	1	0.281
나주환	SK	96	273	246	66	46	15	0	5	31	22	12	0	2	47	1	13	9	3	5	0.268
송민섭	kt	28	51	44	11	7	3	1	0	3	1	2	0	0	13	0	5	2	1	0	0.25
이우민	롯데	75	174	141	32	24	4	0	4	18	18	10	0	6	43	0	16	2	2	0	0.227
김종민	kt	26	35	32	7	7	0	0	0	2	1	2	0	1	3	0	0	0	0	1	0.219
황선일	한화	13	25	23	4	2	2	0	0	1	2	1	0	1	6	0	0	1	1	0	0.174
장시윤	넥센	17	31	29	8	8	0	0	0	2	2	0	0	0	9	0	2	1	0	1	0.276
신종길	KIA	99	348	313	82	60	13	4	5	56	28	25	0	6	80	0	3	3	19	5	0.262
황목치승	LG	24	74	71	19	15	3	1	0	13	8	2	0	0	10	1	1	2	2	0	0.268
김성욱	NC	125	204	182	47	35	8	1	3	32	26	17	0	4	52	1	1	4	3	3	0.258
채은성	LG	90	198	173	43	26	11	2	4	25	20	14	0	5	39	3	6	4	3	3	0.249
유서준	SK	17	13	12	1	1	0	0	0	5	0	1	0	0	3	0	0	1	3	1	0.083
조윤준	LG	7	8	8	0	0	0	0	0	0	0	0	0	0	4	0	0	1	0	0	0
장준원	LG	20	26	24	5	5	0	0	0	2	1	1	0	0	8	1	1	0	0	0	0.208
이창진	kt	12	20	19	3	2	1	0	0	1	0	1	0	0	6	0	0	0	0	0	0.158
이상훈	삼성	4	8	7	0	0	0	0	0	0	0	0	0	0	2	0	1	0	0	0	0
한상훈	한화	35	75	61	14	10	4	0	0	7	8	8	0	1	18	0	5	1	0	3	0.23
김영관	LG	20	21	21	3	2	0	0	1	2	2	0	0	0	9	0	0	1	0	0	0.143
김정혁	삼성	17	20	18	3	3	0	0	0	3	1	1	0	0	3	0	1	0	0	0	0.167
윤진호	LG	29	13	12	1	1	0	0	0	3	1	0	0	0	3	0	1	0	1	0	0.083
문우람	넥센	63	138	119	28	16	10	0	2	22	22	12	1	3	30	3	4	1	1	1	0.235
조중근	kt	25	39	36	8	7	0	0	1	4	2	3	1	0	6	0	0	1	0	0	0.222
최경철	LG	109	215	183	38	27	7	1	3	23	19	14	0	8	55	1	9	1	3	1	0.208
이인행	KIA	20	33	30	6	6	0	0	0	0	0	2	0	0	9	0	1	0	0	0	0.2
임병욱	넥센	40	52	43	8	5	1	1	1	13	3	9	0	0	23	0	0	1	2	4	0.186
김민식	SK	23	26	24	4	4	0	0	0	4	0	2	0	0	2	0	0	2	0	0	0.167
김재현	SK	46	20	19	2	1	0	1	0	13	0	0	0	1	6	0	0	0	7	1	0.105
김태완	한화	22	50	46	11	9	2	0	0	5	3	2	0	2	16	0	0	1	0	0	0.239
이종환	KIA	13	18	16	3	2	1	0	0	1	0	2	0	0	6	0	0	0	0	0	0.188
허도환	한화	61	106	91	16	8	7	0	1	8	6	7	0	5	29	0	3	2	0	0	0.176
김영환	kt	37	49	48	11	10	0	0	1	4	7	1	0	0	11	0	0	0	1	0	0.229
김강민	SK	96	328	293	72	51	17	0	4	43	31	23	0	7	83	1	5	6	7	4	0.246
이흥련	삼성	71	108	105	25	17	7	0	1	16	17	1	0	1	22	0	1	1	2	1	0.238
이성우	KIA	79	134	117	26	17	8	0	1	8	16	9	1	0	20	3	8	5	0	0	0.222
김재현	삼성	73	48	41	7	7	0	0	0	7	5	5	0	0	11	0	2	1	0	0	0.171
윤완주	KIA	28	38	35	6	4	1	0	1	4	2	0	0	1	8	1	2	0	0	0	0.171
루츠	두산	8	30	27	3	2	0	0	1	2	3	2	0	0	6	0	0	1	0	0	0.111
안정광	SK	10	19	19	2	2	0	0	0	0	1	0	0	0	7	0	0	0	0	0	0.105
김주형	KIA	45	88	83	19	14	3	0	2	2	3	3	0	2	22	0	0	3	0	0	0.229
김용의	LG	71	199	171	43	37	5	1	0	30	15	22	1	3	38	0	3	3	11	6	0.251
임훈	SK	33	81	69	15	14	1	0	0	10	9	7	0	2	13	1	3	3	1	0	0.217
이성열	넥센	4	14	13	3	3	0	0	0	1	1	1	0	0	4	0	0	0	0	0	0.231
김민혁	kt	82	179	156	43	38	2	3	0	21	10	14	0	2	30	0	7	3	12	7	0.276
김사연	kt	72	248	228	58	43	7	1	7	31	27	16	1	1	75	0	3	3	15	5	0.254
정진호	두산	77	172	154	36	24	5	3	4	37	18	14	0	1	24	0	3	0	6	3	0.234
이은총	KIA	11	38	35	6	5	1	0	0	3	3	1	0	1	7	0	1	0	0	0	0.171
장민석	두산	53	63	53	10	8	2	0	0	15	4	7	0	1	13	1	2	0	0	1	0.189
임재철	롯데	38	63	52	8	5	2	0	1	6	3	7	0	1	16	0	3	1	2	1	0.154
문선재	LG	103	245	212	48	29	13	1	5	27	27	23	0	3	54	1	7	4	9	6	0.226
신명철	kt	89	168	134	28	22	2	2	2	12	18	27	2	0	37	1	7	4	1	0	0.209
김태훈	kt	22	44	43	9	7	1	0	1	3	2	0	0	0	16	1	1	1	0	0	0.209
우동균	삼성	37	82	72	15	11	4	0	0	12	6	9	0	0	12	0	1	2	0	2	0.208
최승준	LG	8	31	26	2	2	0	0	0	0	1	4	0	0	7	1	1	0	0	0	0.077
김다원	KIA	108	274	245	60	46	9	0	5	31	30	15	0	12	67	2	2	8	1	0	0.245
이호신	KIA	54	62	50	7	6	1	0	0	9	3	6	0	2	16	1	4	1	3	0	0.14
김지수	넥센	104	151	132	31	24	7	0	0	23	13	9	0	2	27	1	7	2	2	1	0.235
김대륙	롯데	71	63	54	8	8	0	0	0	6	1	7	0	0	17	0	2	1	0	1	0.148
박윤	SK	17	29	27	3	3	0	0	0	1	0	0	0	1	13	0	1	1	0	0	0.111
정의윤	LG	32	75	66	17	14	3	0	0	3	7	6	0	2	19	1	1	3	2	0	0.258
박찬도	삼성	116	106	89	19	16	2	1	0	32	9	8	0	4	25	0	5	1	13	6	0.213
하준호	롯데	12	30	30	5	3	1	0	1	3	1	0	0	0	14	0	0	0	0	0	0.167
고동진	한화	27	70	59	10	6	4	0	0	5	7	2	0	4	13	0	5	3	0	0	0.169
고영우	KIA	82	57	52	8	5	2	0	1	17	4	4	0	0	15	0	1	0	7	3	0.154
최선호	삼성	33	44	42	7	6	1	0	0	8	1	0	0	0	13	0	2	0	2	0	0.167
오준혁	KIA	31	85	79	17	13	2	0	2	11	10	2	0	1	21	2	3	4	1	1	0.215
이병규(9)	LG	54	102	96	21	13	7	0	1	3	9	5	0	0	18	1	1	4	0	0	0.219
문상철	kt	51	88	80	13	8	3	0	2	10	6	7	0	0	32	0	1	1	0	0	0.163
노진혁	NC	65	42	38	3	1	2	0	0	4	2	2	0	0	11	1	2	0	0	0	0.079
손용석	롯데	38	74	69	15	13	2	0	0	4	2	1	0	0	11	0	4	2	0	0	0.217
문규현	롯데	105	298	265	65	50	12	1	2	24	25	14	0	1	39	3	18	6	4	2	0.245
최재훈	두산	71	114	99	15	12	3	0	0	6	7	3	0	8	19	1	4	6	0	0	0.152
김대우	롯데	39	100	92	16	11	1	1	3	9	9	5	0	1	39	0	2	2	3	1	0.174
최용규	KIA	69	200	182	41	32	4	3	2	23	18	14	1	1	43	2	3	2	10	6	0.225
손주인	LG	98	279	244	60	51	9	0	0	27	14	20	0	2	41	1	13	6	3	4	0.246
김진곤	kt	67	87	85	18	17	1	0	0	11	6	0	0	1	20	0	1	0	4	2	0.212
양석환	LG	125	384	358	93	62	22	1	8	36	48	18	2	0	75	3	8	6	6	6	0.26
배병옥	kt	66	68	65	6	4	1	0	1	8	2	1	0	1	23	0	1	0	3	0	0.092
박찬호	KIA	69	150	137	25	19	5	1	0	13	6	9	0	0	37	0	4	2	3	1	0.182
정범모	한화	51	114	96	13	11	2	0	0	3	10	9	0	1	23	1	8	0	1	2	0.135
주현상	한화	102	246	214	45	38	7	0	0	18	12	21	0	3	46	2	8	5	2	0	0.21
박지규	LG	102	189	171	35	26	8	1	0	22	12	10	0	3	49	1	5	1	5	3	0.205
김호령	KIA	103	283	257	56	43	10	2	1	31	21	15	0	5	83	0	6	2	11	2	0.218
송주호	한화	121	156	140	28	21	6	0	1	18	9	7	0	1	36	0	8	1	6	1	0.2
권용관	한화	116	341	296	65	51	8	1	5	32	22	18	2	9	86	1	18	4	3	6	0.22
심우준	kt	106	146	142	24	16	7	0	1	16	14	2	0	0	35	0	2	4	5	2	0.169
박계현	SK	97	302	264	61	59	2	0	0	27	21	20	0	4	45	1	14	1	10	8	0.231
강한울	KIA	90	292	264	54	43	8	3	0	30	12	13	0	3	51	0	11	2	9	4	0.205
박종윤	롯데	98	326	314	80	62	11	3	4	29	28	7	2	3	38	1	2	11	0	1	0.255
박계범	삼성	3	0	0	0	0	0	0	0	0	0	0	0	0	0	0	0	0	0	0	-
이정민	롯데	1	0	0	0	0	0	0	0	0	0	0	0	0	0	0	0	0	0	0	-
마낙길	NC	1	0	0	0	0	0	0	0	0	0	0	0	0	0	0	0	0	0	1	-
이창진	롯데	1	0	0	0	0	0	0	0	0	0	0	0	0	0	0	0	0	0	0	-
박세웅	롯데	1	0	0	0	0	0	0	0	0	0	0	0	0	0	0	0	0	0	0	-
문경찬	KIA	1	0	0	0	0	0	0	0	0	0	0	0	0	0	0	0	0	0	0	-
