Name	Team	G	GS	CG	SHO	QS	TBF	H	2B	3B	HR	R	ER	K	BB	IBB	HBP	WP	BK	IP
소사	LG	32	30	2	1	19	809	199	39	7	16	102	87	177	36	0	5	6	1	194.1
밴헤켄	넥센	32	32	0	0	16	825	190	36	3	14	92	79	193	67	1	1	16	0	196.2
해커	NC	31	31	1	0	25	833	174	34	0	14	81	71	164	36	1	25	6	0	204
윤성환	삼성	30	30	3	1	17	809	199	34	4	27	86	81	164	30	0	10	1	0	194
린드블럼	롯데	32	32	2	1	23	861	196	32	3	28	86	83	180	52	0	12	12	0	210
우규민	LG	25	25	1	0	13	621	163	26	5	13	64	58	119	17	0	12	2	0	152.2
켈리	SK	30	29	1	0	17	775	188	28	1	16	87	83	139	54	1	5	9	2	181
스튜어트	NC	19	19	0	0	10	488	116	16	1	7	37	35	109	26	0	6	4	1	117.2
김광현	SK	30	29	1	1	16	754	173	33	0	19	86	73	160	66	2	3	10	0	176.2
양현종	KIA	32	31	1	1	19	756	150	27	2	18	52	50	157	78	0	7	6	0	184.1
유희관	두산	30	30	1	1	17	786	193	33	5	23	84	83	126	44	0	4	4	0	189.2
차우찬	삼성	31	29	0	0	17	743	160	36	1	28	98	92	194	74	1	5	9	1	173
레일리	롯데	31	30	1	0	19	768	182	27	2	20	93	78	134	57	2	15	13	2	179.1
장원준	두산	30	30	1	0	17	748	182	35	2	13	86	77	128	68	1	14	4	0	169.2
피가로	삼성	25	25	1	0	18	688	154	26	3	16	66	62	117	51	0	7	6	0	165
옥스프링	kt	31	31	3	0	15	806	200	33	0	23	104	92	142	66	0	10	5	0	185
피어밴드	넥센	30	30	0	0	18	774	202	34	7	23	101	92	137	61	1	12	7	3	177.1
로저스	한화	10	10	4	3	6	296	62	8	2	2	26	25	60	20	0	4	1	1	75.2
루카스	LG	33	30	0	0	12	785	175	21	1	11	103	94	151	108	4	14	11	1	171.2
정우람	SK	69	0	0	0	0	287	52	12	0	3	25	25	90	28	5	1	3	0	70
클로이드	삼성	28	28	0	0	14	705	190	36	0	24	103	92	123	38	0	12	3	1	159.2
박종훈	SK	33	23	0	0	7	530	123	27	0	7	74	68	105	53	1	17	5	0	118
윤석민	KIA	51	0	0	0	0	297	69	11	4	4	23	23	68	24	7	2	1	0	70
니퍼트	두산	20	16	0	0	6	404	104	21	0	4	54	51	76	33	0	4	4	0	90
한현희	넥센	45	17	0	0	6	542	126	18	2	14	70	66	122	41	0	13	3	0	123.1
탈보트	한화	30	30	1	0	15	695	153	26	1	11	93	82	120	85	4	13	11	4	156.1
장시환	kt	47	0	0	0	0	308	73	13	2	1	33	33	75	28	2	1	6	0	74.2
김재윤	kt	42	0	0	0	0	188	46	9	0	3	23	21	70	12	2	1	1	0	44.2
송승준	롯데	25	23	0	0	10	551	131	19	1	17	71	66	112	46	1	4	8	0	125
임창용	삼성	55	0	0	0	0	219	45	8	1	2	17	17	71	13	2	3	1	0	54
손민한	NC	26	19	0	0	5	444	122	22	1	8	65	57	50	15	0	5	3	0	105
안지만	삼성	66	0	0	0	0	323	76	18	2	8	29	29	96	26	2	2	2	0	78.1
이재학	NC	29	23	0	0	5	545	115	15	1	17	58	57	116	58	1	9	5	0	125
스와잭	두산	20	17	0	0	5	414	110	19	1	9	57	54	72	30	1	4	4	1	92.1
조무근	kt	43	1	0	0	0	298	54	11	2	3	26	15	83	32	1	4	6	0	71.2
임준혁	KIA	27	21	0	0	6	514	125	23	1	11	58	54	73	43	1	8	3	0	118.2
스틴슨	KIA	32	30	0	0	12	756	190	30	6	15	100	92	93	64	0	14	4	0	167
심수창	롯데	39	6	0	0	1	340	99	14	0	9	56	49	76	29	4	3	14	0	73.1
마야	두산	13	13	1	1	4	317	83	13	3	6	62	62	62	31	2	5	1	2	68.1
임창민	NC	61	0	0	0	0	266	57	5	2	7	28	27	72	21	2	1	3	0	64
임정우	LG	54	11	0	0	0	501	123	32	2	8	65	61	99	50	4	14	8	1	109
밴와트	SK	12	12	0	0	3	245	70	15	1	5	29	29	50	13	0	2	2	1	56.1
이태양	NC	29	25	0	0	7	591	141	27	2	19	59	56	113	40	1	19	0	1	137.1
조상우	넥센	70	0	0	0	0	382	65	15	2	4	36	32	89	41	2	6	7	0	93.1
저마노	kt	15	14	0	0	5	347	111	17	2	7	46	42	40	15	0	3	1	0	76.2
박정진	한화	76	0	0	0	0	411	84	12	1	8	37	33	92	39	3	5	7	0	96
윤지웅	LG	78	0	0	0	0	245	47	6	1	3	26	26	54	17	0	1	4	0	62
이현승	두산	41	0	0	0	0	191	45	9	0	3	16	15	41	10	2	2	2	0	46.2
유먼	한화	17	17	0	0	6	406	96	16	0	9	52	46	56	38	1	4	3	0	91.2
이동현	LG	60	0	0	0	0	258	65	13	0	4	33	29	55	20	5	2	7	0	59.1
이현호	두산	49	7	0	0	2	377	83	6	2	8	43	40	87	35	0	4	17	0	86
류제국	LG	24	23	0	0	11	572	134	20	3	16	72	69	88	55	1	14	17	0	130
함덕주	두산	68	0	0	0	0	278	52	10	1	4	30	25	76	46	1	2	2	1	61.2
윤희상	SK	21	21	0	0	6	415	113	24	3	15	65	61	67	34	2	3	2	0	93.1
손승락	넥센	58	0	0	0	0	272	73	7	1	6	35	26	63	13	2	3	1	0	61.1
심창민	삼성	61	0	0	0	0	280	54	13	0	7	32	32	91	24	1	5	2	0	67.1
이민호	NC	64	6	0	0	1	436	103	23	5	15	62	54	103	41	3	6	8	1	96
윤규진	한화	40	0	0	0	0	205	39	6	0	3	15	15	48	21	3	0	2	0	50.2
임정호	NC	80	0	0	0	0	200	31	3	0	2	21	20	54	27	1	5	3	0	48
세든	SK	14	14	1	1	8	319	77	15	0	12	42	41	67	28	0	5	6	0	74
장원삼	삼성	26	25	0	0	9	599	151	32	2	29	96	88	107	50	1	1	3	0	136.2
전유수	SK	66	0	0	0	0	337	66	12	1	9	39	38	84	42	5	5	2	0	77.2
안영명	한화	35	27	0	0	4	568	137	23	1	15	77	71	82	60	1	11	5	0	125.1
진야곱	두산	47	14	0	0	2	486	120	26	0	12	88	80	108	68	0	3	9	1	102.2
김대우	넥센	47	1	0	0	0	318	81	14	3	8	44	39	63	31	1	6	4	0	71
심동섭	KIA	69	0	0	0	0	257	47	9	0	7	35	32	71	43	3	3	5	0	57.1
에반	KIA	16	1	0	0	1	115	30	3	0	0	15	13	25	13	0	1	4	0	26.1
신재웅	SK	61	0	0	0	0	236	72	15	2	5	28	23	49	17	0	4	0	0	50.1
김영민	넥센	57	4	1	1	1	389	90	12	3	14	47	44	85	28	0	7	6	0	90.1
송은범	한화	33	14	0	0	0	341	103	22	2	10	59	55	48	30	0	4	11	0	70.1
정대현	kt	30	26	0	0	5	542	138	26	1	19	80	68	82	62	0	4	6	0	118
엄상백	kt	28	22	0	0	3	465	127	30	1	15	77	74	78	50	0	10	6	1	100
박근홍	삼성	66	0	0	0	0	212	39	8	0	3	20	16	55	25	0	5	5	0	48.2
김승회	롯데	39	7	0	0	0	343	96	17	1	13	52	52	50	28	3	4	2	0	75
송신영	넥센	18	16	0	0	5	298	77	14	1	12	42	41	46	22	0	2	2	0	69
김태영	KIA	27	0	0	0	0	120	36	10	0	3	16	15	30	8	0	4	3	0	26
양훈	넥센	16	3	0	0	1	153	33	6	0	1	9	6	15	14	0	0	0	0	38.1
홍성용	kt	42	0	0	0	0	174	39	9	1	3	19	17	31	13	2	6	1	0	39.2
김성배	롯데	45	0	0	0	0	188	51	16	0	2	34	34	33	19	3	2	0	1	39.2
고영표	kt	46	0	0	0	0	266	68	13	0	2	41	36	57	19	1	16	3	0	57
이명우	롯데	59	5	0	0	0	270	78	14	0	5	44	37	34	20	1	2	3	0	59
박준표	KIA	37	2	0	0	0	201	54	17	2	4	32	32	33	11	1	5	2	0	46
오현택	두산	61	0	0	0	0	239	59	19	0	6	33	33	45	16	3	4	0	1	56
최금강	NC	78	0	0	0	0	384	77	12	1	11	40	37	61	37	2	11	12	0	89.2
박세웅	롯데	31	21	0	0	5	526	129	17	1	16	81	73	82	54	1	12	10	0	114
문성현	넥센	34	13	0	0	1	425	114	19	1	10	75	64	58	39	0	5	9	0	91.2
홍성민	롯데	67	0	0	0	0	352	85	19	2	8	38	36	65	24	4	10	4	0	82
어윈	kt	12	12	0	0	2	271	90	20	1	10	57	54	41	21	0	2	2	0	56
정찬헌	LG	32	0	0	0	0	191	49	8	0	3	27	27	32	14	2	5	3	0	44
김광수	KIA	41	1	0	0	0	194	53	10	1	2	24	22	22	13	1	2	2	0	43.2
윤길현	SK	70	0	0	0	0	284	58	12	0	7	25	22	62	36	4	2	3	0	62.2
강영식	롯데	50	0	0	0	0	159	40	9	0	6	21	18	46	10	0	0	2	0	38.2
이상화	롯데	14	12	0	0	2	255	69	10	0	7	43	40	35	25	0	1	1	0	55
신용운	삼성	35	0	0	0	0	131	35	5	0	2	23	20	22	16	2	2	5	0	25.2
최원재	kt	36	0	0	0	0	148	43	2	3	2	16	14	24	12	1	3	1	0	33
허준혁	두산	16	14	0	0	4	282	52	7	1	7	37	25	45	41	1	6	3	0	63
백정현	삼성	31	1	0	0	0	135	32	10	1	3	19	19	37	20	1	1	3	0	28
서진용	SK	18	0	0	0	0	95	25	7	0	4	14	14	24	6	2	0	3	0	21.1
김진성	NC	59	0	0	0	0	271	59	9	1	14	35	33	70	18	0	1	2	0	66
장진용	LG	11	9	0	0	0	150	43	7	2	5	26	23	20	7	0	5	0	0	32.1
박정배	SK	24	0	0	0	0	115	25	3	2	3	15	15	28	13	3	2	1	0	25.1
진해수	LG	39	0	0	0	0	128	29	5	0	2	19	18	20	16	0	5	3	0	28.1
서재응	KIA	9	9	0	0	2	174	52	10	2	5	23	22	16	8	0	5	1	0	40
윤명준	두산	60	0	0	0	0	302	72	8	2	9	33	30	48	30	3	5	3	0	68
시스코	kt	17	5	0	0	1	185	43	4	2	5	34	27	42	25	1	4	11	0	39
김택형	넥센	37	10	0	0	0	293	79	10	1	7	58	51	55	42	0	6	9	0	58
정대현	롯데	19	0	0	0	0	77	16	2	0	3	6	6	17	7	0	2	2	0	18.1
김지용	LG	24	0	0	0	0	137	30	10	0	4	15	15	28	12	2	1	2	0	32.2
안상빈	kt	13	0	0	0	0	84	23	3	1	1	13	9	25	12	0	1	2	0	16
봉중근	LG	47	2	0	0	0	223	60	6	0	10	28	27	39	23	4	6	3	0	49.1
하영민	넥센	18	2	0	0	1	159	48	8	1	7	30	29	25	12	0	2	6	0	34.2
채병용	SK	33	8	0	0	0	367	103	17	2	17	56	56	78	27	1	3	4	0	83
김병현	KIA	23	8	0	0	0	232	67	12	0	7	38	38	38	18	1	11	0	1	49
정대훈	한화	51	0	0	0	0	162	44	8	1	4	21	19	12	14	3	5	1	0	36
이승현	LG	15	0	0	0	0	71	14	2	1	1	10	10	21	10	0	1	0	0	15.1
신승현	LG	37	0	0	0	0	155	32	3	0	3	19	19	30	18	3	5	3	0	35.2
김원중	롯데	15	0	0	0	0	99	21	0	1	1	15	13	20	15	1	3	1	0	20.1
김진우	KIA	4	2	0	0	1	55	12	1	0	1	5	5	12	9	0	1	0	0	13
박정수	KIA	19	4	0	0	0	197	47	12	1	4	31	26	25	19	0	6	4	2	42.1
윤근영	kt	17	7	0	0	0	155	35	2	1	3	23	20	21	21	0	4	4	0	32
박진우	NC	10	0	0	0	0	62	19	4	0	1	5	5	8	2	0	1	0	0	14.1
배우열	kt	12	0	0	0	0	70	21	2	2	2	10	10	17	4	0	0	2	0	16
박명환*	NC	11	4	0	0	1	118	36	5	0	6	14	14	15	5	0	3	2	0	26
정인욱	삼성	12	4	0	0	0	143	40	9	0	5	27	27	29	16	0	2	0	0	29.1
조현근	삼성	22	0	0	0	0	81	18	3	0	1	10	7	11	7	0	1	0	0	19.1
김민우	한화	36	8	0	0	1	314	67	13	0	5	41	40	50	38	3	10	5	0	70
임지섭	LG	8	8	0	0	2	144	18	2	0	3	23	22	37	36	0	2	9	0	31.2
임준섭	한화	22	0	0	0	0	95	26	4	2	1	12	8	18	13	2	0	2	0	19.1
김민수	kt	15	1	0	0	0	115	30	6	1	1	18	15	18	13	0	1	5	0	23.1
찰리	NC	12	12	0	0	1	245	67	14	1	8	39	34	29	19	0	7	1	0	53.1
백인식	SK	7	4	0	0	0	94	24	4	0	2	13	11	14	11	0	2	4	0	20.2
권혁	한화	78	0	0	0	0	506	124	21	1	15	68	62	88	53	7	5	5	1	112
손정욱	NC	20	1	0	0	0	112	37	8	0	3	17	17	17	9	0	0	0	0	23.1
권오준	삼성	30	0	0	0	0	131	33	9	0	5	27	25	24	9	1	5	2	0	28
최영필	KIA	59	0	0	0	0	247	57	8	0	8	23	20	51	8	0	2	1	0	63
장현식	NC	2	0	0	0	0	11	3	0	0	0	2	2	3	2	0	0	0	0	2
양현	두산	13	0	0	0	0	50	19	1	1	2	7	6	7	0	0	3	0	0	10.1
김용주	한화	2	2	0	0	0	33	4	1	0	0	3	3	3	6	0	0	0	0	8
김광삼	LG	4	4	0	0	0	72	16	2	0	2	13	10	11	9	0	1	0	0	15.2
박진형	롯데	2	0	0	0	0	6	2	1	0	0	0	0	1	0	0	0	0	0	1.1
김준	KIA	6	0	0	0	0	20	6	2	0	0	2	1	1	2	0	0	0	0	4.1
한기주	KIA	7	0	0	0	0	39	11	1	1	0	4	3	4	5	0	0	0	0	8.1
김명찬	KIA	3	0	0	0	0	16	4	0	0	0	0	0	2	1	0	1	1	0	4
구본범	한화	3	0	0	0	0	6	0	0	0	0	0	0	1	2	0	0	1	0	1
오장훈	두산	1	0	0	0	0	5	1	0	0	0	0	0	2	1	0	0	0	0	1
이승호	NC	1	1	0	0	0	7	3	1	0	0	4	4	1	1	0	0	0	0	1
박한길	한화	10	0	0	0	0	71	17	5	0	0	13	13	9	12	1	2	2	0	13.2
이정훈	넥센	2	0	0	0	0	9	3	0	0	0	2	1	0	0	0	0	0	0	2
허준혁	롯데	3	0	0	0	0	12	6	2	0	0	5	4	0	0	0	0	0	0	1.2
차재용	롯데	2	0	0	0	0	6	0	0	0	0	2	0	0	1	0	0	0	0	1.1
윤석주	SK	1	0	0	0	0	6	2	0	0	0	0	0	0	0	0	0	0	0	1.1
조영우	한화	1	0	0	0	0	3	0	0	0	0	0	0	0	0	0	0	0	0	1
김정인	넥센	1	0	0	0	0	3	0	0	0	0	0	0	0	0	0	0	0	0	1
정광운	한화	2	0	0	0	0	7	2	0	0	0	1	1	1	1	0	0	0	0	1.1
윤강민	NC	2	0	0	0	0	8	2	0	0	0	5	5	1	3	0	1	0	0	1
문수호	NC	2	0	0	0	0	2	1	0	0	0	1	1	0	1	0	0	0	0	0
임경완	한화	1	0	0	0	0	2	0	0	0	0	1	1	0	2	0	0	0	0	0
이혜천	NC	29	0	0	0	0	74	15	2	0	3	11	10	10	7	0	2	1	0	17.1
이창욱	SK	2	0	0	0	0	13	2	0	0	0	2	2	1	2	0	0	2	0	3
구자형	넥센	3	0	0	0	0	13	4	1	0	0	3	3	1	2	0	0	0	0	2.2
금민철	넥센	7	5	0	0	0	104	25	4	0	2	11	11	11	14	0	2	0	0	22
허유강	한화	5	0	0	0	0	12	1	1	0	0	3	3	1	2	0	2	1	0	2.2
김건한	삼성	16	1	0	0	0	83	26	7	0	1	11	11	6	8	0	1	0	0	16.1
최영환	한화	1	0	0	0	0	8	2	1	0	0	2	0	1	2	0	0	0	0	1.1
이대환	NC	1	0	0	0	0	4	2	0	1	0	2	2	0	0	0	1	0	0	0.1
김기표	kt	14	0	0	0	0	43	11	2	0	2	7	7	6	2	0	1	1	1	10.1
김태훈	SK	1	0	0	0	0	2	0	0	0	0	1	1	0	1	0	0	0	0	0.1
이용호	두산	2	0	0	0	0	5	2	2	0	0	3	3	0	2	0	0	0	0	0.1
배재환	NC	1	0	0	0	0	7	1	0	0	0	2	2	2	3	0	0	0	0	1
조현우	롯데	3	0	0	0	0	15	3	1	0	2	3	2	4	1	0	0	0	0	4
황덕균	kt	3	0	0	0	0	16	0	0	0	0	3	3	2	5	0	0	0	0	3.2
이한진	SK	3	0	0	0	0	24	4	0	0	0	3	2	1	5	0	0	0	0	4.2
마일영	한화	2	0	0	0	0	5	0	0	0	0	1	0	0	1	0	1	0	0	0.1
문재현	한화	2	0	0	0	0	5	1	0	0	0	2	2	0	3	0	0	0	0	0.1
이재영	SK	26	0	0	0	0	145	36	12	1	4	18	16	26	13	0	3	1	0	31
마정길	넥센	35	0	0	0	0	166	36	9	0	4	22	21	33	17	0	6	1	0	37.1
이경우	롯데	1	0	0	0	0	8	2	1	0	1	2	2	0	1	0	0	0	0	1.2
신창호	KIA	5	0	0	0	0	25	4	0	0	1	5	5	4	4	0	0	0	0	5.2
정재훈	롯데	10	0	0	0	0	40	16	2	0	1	8	5	5	6	0	0	0	0	6.1
변진수	두산	1	0	0	0	0	9	1	0	0	0	2	2	1	3	0	1	2	0	1.2
유원상	LG	25	0	0	0	0	163	44	9	1	6	26	23	22	12	1	2	2	0	37
홍성무	kt	23	0	0	0	0	121	31	4	0	5	15	15	22	9	0	1	0	0	28
정회찬	넥센	1	0	0	0	0	6	2	0	0	1	1	1	1	1	0	0	0	0	1
윤기호	한화	3	0	0	0	0	10	2	0	0	1	2	2	0	1	0	0	0	0	2.2
박민호	SK	20	0	0	0	0	116	26	4	0	4	18	13	12	9	0	2	0	0	27.1
김정훈	넥센	13	1	0	0	0	79	20	5	0	2	14	12	11	10	0	3	4	0	15.1
박종기	두산	3	0	0	0	0	13	4	1	0	1	3	3	2	3	0	0	0	0	2.1
김기현	한화	54	0	0	0	0	187	36	6	1	5	20	20	32	30	1	3	5	0	41.1
이윤학	kt	2	0	0	0	0	20	9	3	0	2	8	8	4	2	0	0	0	0	3
이종석	KIA	2	0	0	0	0	24	10	2	0	2	8	7	3	2	0	0	0	0	4
김선규	LG	31	0	0	0	0	136	34	4	1	5	12	11	19	10	2	2	1	0	31.2
남경호	두산	5	0	0	0	0	40	5	1	0	2	7	6	10	7	0	1	0	0	9
고창성	NC	6	0	0	0	0	47	11	3	0	1	4	4	3	4	0	2	1	0	9.2
정재원	한화	3	0	0	0	0	19	5	0	0	2	5	5	4	3	0	0	0	0	4
이정민	롯데	34	0	0	0	0	212	59	10	0	4	34	29	36	31	2	2	7	0	44.2
김수완	두산	9	2	0	0	1	80	22	6	1	4	15	15	13	9	0	3	0	0	15.1
심재민	kt	50	1	0	0	0	270	68	11	0	3	45	43	29	42	3	6	9	0	56.1
심규범	롯데	16	0	0	0	0	31	7	0	0	1	5	5	6	6	1	0	0	0	6.1
김현우	삼성	11	0	0	0	0	55	14	3	1	5	10	10	14	5	0	1	0	0	12.1
임현준	삼성	7	0	0	0	0	33	11	3	1	3	10	8	6	2	0	0	1	0	6.1
장민재	한화	4	0	0	0	0	25	9	1	1	1	8	8	3	7	1	0	2	0	4
장필준	삼성	2	1	0	0	0	22	10	2	0	2	7	7	4	0	0	0	0	0	4
민성기	NC	21	0	0	0	0	128	28	6	0	2	17	14	21	23	1	4	1	0	25.2
주권	kt	15	3	0	0	0	123	43	10	1	6	26	23	13	9	0	2	2	0	24.1
박성호	한화	16	0	0	0	0	96	24	4	0	2	14	11	12	11	1	1	1	0	20.2
최대성	kt	8	0	0	0	0	19	4	3	0	1	4	4	0	7	0	0	2	0	2.2
김상수	넥센	2	1	0	0	0	30	10	3	0	1	8	6	2	5	0	0	0	0	5
김범수	한화	15	0	0	0	0	72	10	3	0	0	12	12	10	20	0	1	3	0	14.2
조승수	두산	1	0	0	0	0	6	2	1	0	1	1	1	1	1	0	0	0	0	1
문광은	SK	53	1	0	0	0	304	87	22	0	13	55	49	54	27	5	4	10	0	64.1
홍건희	KIA	38	7	0	0	0	383	84	10	2	18	63	55	86	57	4	4	8	0	82
오재영	넥센	9	4	0	0	0	96	31	6	0	4	19	19	11	12	0	1	3	0	18.1
문경찬	KIA	8	4	0	0	0	133	44	9	4	7	32	30	15	10	0	1	0	0	27.2
김명성	두산	17	0	0	0	0	89	27	5	0	2	15	15	10	11	0	1	4	0	17.1
최동환	LG	17	0	0	0	0	101	32	5	0	7	19	19	21	6	1	2	2	0	20.2
배장호	롯데	9	5	0	0	0	132	35	11	0	5	21	21	9	10	1	5	0	0	28.2
김동준	넥센	22	5	0	0	0	237	56	10	2	7	41	36	32	30	0	3	5	0	50.1
이준형	kt	4	2	0	0	0	35	7	0	0	1	7	4	5	9	1	1	4	0	5.2
이원재	두산	12	0	0	0	0	63	21	3	0	2	15	15	5	12	0	1	5	0	10.2
배힘찬	넥센	7	0	0	0	0	37	10	3	0	1	7	5	1	6	1	0	3	0	6.2
이성민	롯데	61	0	0	0	0	343	92	18	2	11	44	37	58	33	3	4	5	0	72.2
김사율	kt	21	0	0	0	0	126	40	13	2	4	28	23	24	11	1	2	3	0	25.2
한승혁	KIA	49	0	0	0	0	251	55	7	3	7	36	34	56	37	3	0	17	0	56
이창재	kt	38	0	0	0	0	151	38	8	0	8	30	25	32	12	0	2	3	0	33
김강률	두산	16	0	0	0	0	67	14	3	1	1	5	4	7	10	0	0	1	0	14.2
강장산	NC	20	0	0	0	0	121	27	7	0	3	17	16	9	15	1	3	4	0	25.2
고효준	SK	30	2	0	0	0	246	61	13	0	8	37	35	43	31	0	4	4	0	51
장민익	두산	4	0	0	0	0	31	11	0	0	4	14	13	4	8	0	0	1	0	4
이인복	롯데	9	1	0	0	0	105	36	9	0	4	25	23	9	8	0	2	4	0	20.1
이상민	넥센	23	0	0	0	0	99	29	2	1	4	23	23	12	10	0	3	1	0	19.1
노경은	두산	47	0	0	0	0	267	57	12	1	6	33	29	41	37	1	5	8	0	58.1
박희수	SK	14	1	0	0	0	51	13	2	0	3	6	6	12	8	0	1	0	0	10
이동걸	한화	32	0	0	0	0	219	58	13	0	8	28	22	25	28	3	4	6	0	44.1
노성호	NC	17	3	0	0	0	122	33	4	1	8	28	28	25	23	0	0	4	0	23.2
임기준	KIA	17	6	0	0	0	175	39	9	0	4	32	25	26	27	0	12	4	0	34
이재곤	롯데	5	5	0	0	0	71	15	3	0	1	10	9	9	18	0	4	0	0	13
김기태	삼성	23	0	0	0	0	131	36	8	1	11	25	23	23	10	0	0	1	0	29.1
구승민	롯데	11	3	0	0	0	140	46	4	2	9	33	33	20	9	0	2	4	0	29
이재우	두산	37	1	0	0	0	213	44	7	1	9	33	32	47	28	0	5	2	0	46
험버	KIA	12	11	0	0	2	244	62	16	0	11	38	38	35	32	0	5	6	0	50.2
배영수	한화	32	21	0	0	3	469	124	19	1	21	93	79	56	39	0	14	6	0	101
정성곤	kt	20	15	0	0	2	300	81	15	0	12	58	55	41	51	0	1	2	1	58
유창식	KIA	27	12	0	0	1	268	67	12	0	9	53	48	34	40	0	3	8	0	54.2
송창식	한화	64	10	0	0	2	503	115	20	0	29	82	78	87	64	5	7	10	1	109


